<<<<<<< HEAD
6.12188412836147E+15
DE91
UKD7
EL64
EL42
DEA1
6.12188412836147E+15
6.12188412836147E+15
6.12188412836147E+15
6.12188412836147E+15
6.12188412836147E+15
6.12188412836147E+15
6.12188412836147E+15
6.12188412836147E+15
6.12188412836147E+15
6.12188412836147E+15
6.12188412836147E+15
6.12188412836147E+15
6.12188412836147E+15
6.12188412836147E+15
6.06992658773586E+15
IE01
DK05
AT12
FR26
PL62
6.06992658773586E+15
6.06992658773586E+15
6.06992658773586E+15
6.06992658773586E+15
6.06992658773586E+15
6.06992658773586E+15
6.06992658773586E+15
6.06992658773586E+15
6.06992658773586E+15
6.06992658773586E+15
6.06992658773586E+15
6.06992658773586E+15
6.06992658773586E+15
6.06992658773586E+15
6.06992658773586E+15
6.06992658773586E+15
6.06992658773586E+15
6.06992658773586E+15
6.06992658773586E+15
6.06992658773586E+15
6.06992658773586E+15
6.06992658773586E+15
6.06992658773586E+15
6.06992658773586E+15
6.06992658773586E+15
6.06992658773586E+15
6.06992658773586E+15
6.06992658773586E+15
6.06992658773586E+15
6.06992658773586E+15
6.06992658773586E+15
6.06992658773586E+15
6.06992658773586E+15
6.06992658773586E+15
6.06992658773586E+15
6.06992658773586E+15
6.06992658773586E+15
6.06992658773586E+15
6.06992658773586E+15
6.06992658773586E+15
6.06992658773586E+15
6.06992658773586E+15
6.06992658773586E+15
6.06992658773586E+15
6.06992658773586E+15
6.06992658773586E+15
6.06992658773586E+15
6.06992658773586E+15
6.06992658773586E+15
6.06992658773586E+15
6.06992658773586E+15
6.06992658773586E+15
6.06992658773586E+15
6.06992658773586E+15
6.06992658773586E+15
6.06992658773586E+15
6.06992658773586E+15
6.06992658773586E+15
6.06992658773586E+15
6.06992658773586E+15
6.06992658773586E+15
6.06992658773586E+15
6.06992658773586E+15
6.06992658773586E+15
6.06992658773586E+15
6.06992658773586E+15
6.06992658773586E+15
6.06992658773586E+15
6.06992658773586E+15
6.06992658773586E+15
6.06992658773586E+15
6.06992658773586E+15
6.06992658773586E+15
6.06992658773586E+15
6.06992658773586E+15
6.06992658773586E+15
6.06992658773586E+15
6.06992658773586E+15
6.06992658773586E+15
6.06992658773586E+15
6.06992658773586E+15
6.05810164667082E+15
ES51
EL30
DEE0
ES43
AT12
6.05810164667082E+15
6.05810164667082E+15
6.05810164667082E+15
6.05810164667082E+15
6.05810164667082E+15
6.05810164667082E+15
6.05810164667082E+15
6.05810164667082E+15
6.05810164667082E+15
6.05810164667082E+15
6.05810164667082E+15
6.05810164667082E+15
6.05810164667082E+15
6.05810164667082E+15
6.05810164667082E+15
6.05810164667082E+15
6.05810164667082E+15
6.05810164667082E+15
6.05810164667082E+15
6.05810164667082E+15
6.05810164667082E+15
6.05810164667082E+15
6.05810164667082E+15
6.05810164667082E+15
6.05810164667082E+15
6.05810164667082E+15
6.05810164667082E+15
6.05810164667082E+15
6.05810164667082E+15
6.05810164667082E+15
6.05810164667082E+15
6.05810164667082E+15
6.05810164667082E+15
6.05810164667082E+15
6.05810164667082E+15
6.05810164667082E+15
6.05810164667082E+15
6.05810164667082E+15
6.05810164667082E+15
6.05810164667082E+15
6.05810164667082E+15
6.05810164667082E+15
6.05810164667082E+15
6.05810164667082E+15
6.05810164667082E+15
6.05810164667082E+15
6.05810164667082E+15
6.05810164667082E+15
6.05810164667082E+15
6.05810164667082E+15
6.05810164667082E+15
6.05810164667082E+15
6.05810164667082E+15
6.05810164667082E+15
6.05810164667082E+15
6.05810164667082E+15
6.05810164667082E+15
6.05810164667082E+15
6.05810164667082E+15
6.05810164667082E+15
6.05810164667082E+15
6.05810164667082E+15
6.05810164667082E+15
6.05810164667082E+15
6.05810164667082E+15
6.05810164667082E+15
6.05810164667082E+15
6.05810164667082E+15
6.05810164667082E+15
6.05810164667082E+15
6.05810164667082E+15
6.05810164667082E+15
6.05810164667082E+15
6.05810164667082E+15
6.05810164667082E+15
6.05810164667082E+15
6.05810164667082E+15
6.05810164667082E+15
6.05810164667082E+15
6.05810164667082E+15
6.05810164667082E+15
6.05810164667082E+15
6.05810164667082E+15
6.05810164667082E+15
6.05810164667082E+15
6.05810164667082E+15
6.05810164667082E+15
6.05810164667082E+15
6.05810164667082E+15
6.05810164667082E+15
6.05810164667082E+15
6.05810164667082E+15
6.05810164667082E+15
6.05810164667082E+15
6.05810164667082E+15
6.05810164667082E+15
6.05810164667082E+15
6.05810164667082E+15
6.05810164667082E+15
6.05810164667082E+15
6.05810164667082E+15
6.05810164667082E+15
Pirma uzduotis: 2.09755018532985E+18
Transporavimo kaina: 6.12188412836147E+15
Pastatu kostrukcijos kaina: 3170383.1
(2 uzd) Pilna kaina su kostrukcijos kaina: 6.12188413153185E+15
Kiek pinigu issaugota: 2.09142830119832E+18
Optimalesni sandëliai:
EL43
CZ02
DE24
DE11
NL11
Kaina: 6.05810164667082E+15
Kiek pinigu issaugota: 2.09149208368318E+18
=======
6.12188412836147E+15
DE91
UKD7
EL64
EL42
DEA1
6.12188412836147E+15
6.12188412836147E+15
6.12188412836147E+15
6.12188412836147E+15
6.12188412836147E+15
6.12188412836147E+15
6.12188412836147E+15
6.12188412836147E+15
6.12188412836147E+15
6.12188412836147E+15
6.12188412836147E+15
6.12188412836147E+15
6.12188412836147E+15
6.12188412836147E+15
6.06992658773586E+15
IE01
DK05
AT12
FR26
PL62
6.06992658773586E+15
6.06992658773586E+15
6.06992658773586E+15
6.06992658773586E+15
6.06992658773586E+15
6.06992658773586E+15
6.06992658773586E+15
6.06992658773586E+15
6.06992658773586E+15
6.06992658773586E+15
6.06992658773586E+15
6.06992658773586E+15
6.06992658773586E+15
6.06992658773586E+15
6.06992658773586E+15
6.06992658773586E+15
6.06992658773586E+15
6.06992658773586E+15
6.06992658773586E+15
6.06992658773586E+15
6.06992658773586E+15
6.06992658773586E+15
6.06992658773586E+15
6.06992658773586E+15
6.06992658773586E+15
6.06992658773586E+15
6.06992658773586E+15
6.06992658773586E+15
6.06992658773586E+15
6.06992658773586E+15
6.06992658773586E+15
6.06992658773586E+15
6.06992658773586E+15
6.06992658773586E+15
6.06992658773586E+15
6.06992658773586E+15
6.06992658773586E+15
6.06992658773586E+15
6.06992658773586E+15
6.06992658773586E+15
6.06992658773586E+15
6.06992658773586E+15
6.06992658773586E+15
6.06992658773586E+15
6.06992658773586E+15
6.06992658773586E+15
6.06992658773586E+15
6.06992658773586E+15
6.06992658773586E+15
6.06992658773586E+15
6.06992658773586E+15
6.06992658773586E+15
6.06992658773586E+15
6.06992658773586E+15
6.06992658773586E+15
6.06992658773586E+15
6.06992658773586E+15
6.06992658773586E+15
6.06992658773586E+15
6.06992658773586E+15
6.06992658773586E+15
6.06992658773586E+15
6.06992658773586E+15
6.06992658773586E+15
6.06992658773586E+15
6.06992658773586E+15
6.06992658773586E+15
6.06992658773586E+15
6.06992658773586E+15
6.06992658773586E+15
6.06992658773586E+15
6.06992658773586E+15
6.06992658773586E+15
6.06992658773586E+15
6.06992658773586E+15
6.06992658773586E+15
6.06992658773586E+15
6.06992658773586E+15
6.06992658773586E+15
6.06992658773586E+15
6.06992658773586E+15
6.05810164667082E+15
ES51
EL30
DEE0
ES43
AT12
6.05810164667082E+15
6.05810164667082E+15
6.05810164667082E+15
6.05810164667082E+15
6.05810164667082E+15
6.05810164667082E+15
6.05810164667082E+15
6.05810164667082E+15
6.05810164667082E+15
6.05810164667082E+15
6.05810164667082E+15
6.05810164667082E+15
6.05810164667082E+15
6.05810164667082E+15
6.05810164667082E+15
6.05810164667082E+15
6.05810164667082E+15
6.05810164667082E+15
6.05810164667082E+15
6.05810164667082E+15
6.05810164667082E+15
6.05810164667082E+15
6.05810164667082E+15
6.05810164667082E+15
6.05810164667082E+15
6.05810164667082E+15
6.05810164667082E+15
6.05810164667082E+15
6.05810164667082E+15
6.05810164667082E+15
6.05810164667082E+15
6.05810164667082E+15
6.05810164667082E+15
6.05810164667082E+15
6.05810164667082E+15
6.05810164667082E+15
6.05810164667082E+15
6.05810164667082E+15
6.05810164667082E+15
6.05810164667082E+15
6.05810164667082E+15
6.05810164667082E+15
6.05810164667082E+15
6.05810164667082E+15
6.05810164667082E+15
6.05810164667082E+15
6.05810164667082E+15
6.05810164667082E+15
6.05810164667082E+15
6.05810164667082E+15
6.05810164667082E+15
6.05810164667082E+15
6.05810164667082E+15
6.05810164667082E+15
6.05810164667082E+15
6.05810164667082E+15
6.05810164667082E+15
6.05810164667082E+15
6.05810164667082E+15
6.05810164667082E+15
6.05810164667082E+15
6.05810164667082E+15
6.05810164667082E+15
6.05810164667082E+15
6.05810164667082E+15
6.05810164667082E+15
6.05810164667082E+15
6.05810164667082E+15
6.05810164667082E+15
6.05810164667082E+15
6.05810164667082E+15
6.05810164667082E+15
6.05810164667082E+15
6.05810164667082E+15
6.05810164667082E+15
6.05810164667082E+15
6.05810164667082E+15
6.05810164667082E+15
6.05810164667082E+15
6.05810164667082E+15
6.05810164667082E+15
6.05810164667082E+15
6.05810164667082E+15
6.05810164667082E+15
6.05810164667082E+15
6.05810164667082E+15
6.05810164667082E+15
6.05810164667082E+15
6.05810164667082E+15
6.05810164667082E+15
6.05810164667082E+15
6.05810164667082E+15
6.05810164667082E+15
6.05810164667082E+15
6.05810164667082E+15
6.05810164667082E+15
6.05810164667082E+15
6.05810164667082E+15
6.05810164667082E+15
6.05810164667082E+15
6.05810164667082E+15
6.05810164667082E+15
Pirma uzduotis: 2.09755018532985E+18
Transporavimo kaina: 6.12188412836147E+15
Pastatu kostrukcijos kaina: 3170383.1
(2 uzd) Pilna kaina su kostrukcijos kaina: 6.12188413153185E+15
Kiek pinigu issaugota: 2.09142830119832E+18
Optimalesni sandëliai:
EL43
CZ02
DE24
DE11
NL11
Kaina: 6.05810164667082E+15
Kiek pinigu issaugota: 2.09149208368318E+18
>>>>>>> 3a15797315b2d4de0e8d1131ebaac00900d83a32
