6.12188412836147E+15
AT31
DEA5
RO11
UKG1
ITI3
6.12188412836147E+15
6.12188412836147E+15
6.12188412836147E+15
6.12188412836147E+15
6.12188412836147E+15
6.12188412836147E+15
6.12188412836147E+15
6.12188412836147E+15
6.12188412836147E+15
6.12188412836147E+15
6.12188412836147E+15
6.07784178294394E+15
ES61
CZ03
DED4
SE21
AT12
6.07784178294394E+15
6.07784178294394E+15
6.07784178294394E+15
6.07784178294394E+15
6.07784178294394E+15
6.07784178294394E+15
6.07784178294394E+15
6.07784178294394E+15
6.07784178294394E+15
6.07784178294394E+15
6.07784178294394E+15
6.07784178294394E+15
6.07784178294394E+15
6.07784178294394E+15
6.07784178294394E+15
6.07784178294394E+15
6.07784178294394E+15
6.07784178294394E+15
6.07784178294394E+15
6.07784178294394E+15
6.07784178294394E+15
6.07784178294394E+15
6.07784178294394E+15
6.07784178294394E+15
6.07784178294394E+15
6.07784178294394E+15
6.07784178294394E+15
6.07784178294394E+15
6.07784178294394E+15
6.07784178294394E+15
6.07784178294394E+15
6.07784178294394E+15
6.07784178294394E+15
6.07784178294394E+15
6.07784178294394E+15
6.07784178294394E+15
6.07784178294394E+15
6.07784178294394E+15
6.07784178294394E+15
6.07784178294394E+15
6.07784178294394E+15
6.07784178294394E+15
6.07784178294394E+15
6.07784178294394E+15
6.07784178294394E+15
6.07784178294394E+15
6.07784178294394E+15
6.07784178294394E+15
6.07784178294394E+15
6.07784178294394E+15
6.07784178294394E+15
6.07784178294394E+15
6.07784178294394E+15
6.07784178294394E+15
6.07784178294394E+15
6.07784178294394E+15
6.07784178294394E+15
6.07784178294394E+15
6.07784178294394E+15
6.07784178294394E+15
6.07784178294394E+15
6.07784178294394E+15
6.07784178294394E+15
6.07784178294394E+15
6.07784178294394E+15
6.07784178294394E+15
6.07784178294394E+15
6.07784178294394E+15
6.07784178294394E+15
6.07784178294394E+15
6.07784178294394E+15
6.07784178294394E+15
6.07784178294394E+15
6.07784178294394E+15
6.07784178294394E+15
6.07784178294394E+15
6.07784178294394E+15
6.07784178294394E+15
6.07784178294394E+15
6.07784178294394E+15
6.07784178294394E+15
6.07784178294394E+15
6.07784178294394E+15
6.07784178294394E+15
6.07784178294394E+15
6.07784178294394E+15
6.07784178294394E+15
6.07784178294394E+15
6.07784178294394E+15
6.07784178294394E+15
6.07784178294394E+15
6.07784178294394E+15
6.07784178294394E+15
6.07784178294394E+15
6.07784178294394E+15
6.07784178294394E+15
6.07784178294394E+15
6.07784178294394E+15
6.07784178294394E+15
6.07784178294394E+15
6.07784178294394E+15
6.07784178294394E+15
6.07784178294394E+15
6.07784178294394E+15
6.07784178294394E+15
6.07784178294394E+15
6.07784178294394E+15
6.07784178294394E+15
6.07784178294394E+15
6.07784178294394E+15
6.07784178294394E+15
6.07784178294394E+15
6.07784178294394E+15
6.07784178294394E+15
6.07784178294394E+15
6.07784178294394E+15
6.07784178294394E+15
6.07784178294394E+15
6.07784178294394E+15
6.07784178294394E+15
6.07784178294394E+15
6.07784178294394E+15
6.07784178294394E+15
6.07784178294394E+15
6.07784178294394E+15
6.07784178294394E+15
6.07784178294394E+15
6.07784178294394E+15
6.07784178294394E+15
6.07784178294394E+15
6.07784178294394E+15
6.07784178294394E+15
6.07784178294394E+15
6.07784178294394E+15
6.07784178294394E+15
6.07784178294394E+15
6.07784178294394E+15
6.07784178294394E+15
6.07784178294394E+15
6.07784178294394E+15
6.07784178294394E+15
6.07784178294394E+15
6.07784178294394E+15
6.07784178294394E+15
6.07784178294394E+15
6.07784178294394E+15
6.07784178294394E+15
6.07784178294394E+15
6.07784178294394E+15
6.07784178294394E+15
6.07784178294394E+15
6.07784178294394E+15
6.07784178294394E+15
6.07784178294394E+15
6.07784178294394E+15
6.07784178294394E+15
6.07784178294394E+15
6.07784178294394E+15
6.07784178294394E+15
6.07784178294394E+15
6.07784178294394E+15
6.07784178294394E+15
6.07784178294394E+15
6.07784178294394E+15
6.07784178294394E+15
6.07784178294394E+15
6.07784178294394E+15
6.07784178294394E+15
6.07784178294394E+15
6.07784178294394E+15
6.07784178294394E+15
6.07784178294394E+15
6.07784178294394E+15
6.07784178294394E+15
6.07784178294394E+15
6.07784178294394E+15
6.07784178294394E+15
6.07784178294394E+15
6.07784178294394E+15
6.07784178294394E+15
6.07784178294394E+15
6.07784178294394E+15
6.07784178294394E+15
6.07784178294394E+15
6.07784178294394E+15
6.07784178294394E+15
6.07784178294394E+15
Pirma uzduotis: 2.09755018532985E+18
Transporavimo kaina: 6.12188412836147E+15
Pastatu kostrukcijos kaina: 1902229.86
(2 uzd) Pilna kaina su kostrukcijos kaina: 6.1218841302637E+15
Kiek pinigu issaugota: 2.09142830119959E+18
Optimalesni sandëliai:
AT21
FR23
UKJ4
PT17
FR53
Kaina: 6.07784178294394E+15
Kiek pinigu issaugota: 2.09147234354691E+18
